Run_ID  Vos_mV      Iq_uA
0   -0.0134388   73.845
1   -0.0205919   73.9088
2   -0.0100259   73.8144
3   -0.0193136   73.8975
4   -0.00439907   73.7638
5   -0.0129278   73.8405
6   -0.0116659   73.8291
7   -0.0115911   73.8285
8   -0.0143986   73.8536
9   -0.0126565   73.838
10   -0.0177818   73.8838
11   -0.00746124   73.7914
12   -0.00864012   73.802
13   -0.00571183   73.7756
14   -0.0138807   73.849
15   -0.00711993   73.7883
16   -0.00972988   73.8118
17   -0.00888433   73.8042
18   -0.0129114   73.8403
19   -0.0126634   73.8381
20   -0.00890168   73.8043
21   -0.00739394   73.7908
22   -0.00630688   73.781
23   -0.0103075   73.817
24   -0.00734022   73.7903
25   -0.0069203   73.7865
26   -0.0161668   73.8694
27   -0.0179816   73.8856
28   -0.0168812   73.8758
29   -0.00600573   73.7783
30   -0.016893   73.8759
31   -0.0069665   73.7869
32   -0.0145539   73.855
33   -0.0120392   73.8325
34   -0.00563534   73.7749
35   -0.0110032   73.8232
36   -0.0120528   73.8326
37   -0.00588003   73.7772
38   -0.0110991   73.8241
39   -0.0228706   73.9291
40   -0.00970597   73.8116
41   -0.0113719   73.8265
42   -0.00803055   73.7965
43   -0.0186861   73.8919
44   -0.0112888   73.8258
45   -0.00960292   73.8106
46   -0.0172839   73.8794
47   -0.0130827   73.8418
48   -0.0136346   73.8468
49   -0.0095163   73.8099
50   -0.00934937   73.8084
51   -0.00677262   73.7852
52   -0.0101401   73.8155
53   -0.0126697   73.8381
54   -0.0171311   73.878
55   -0.00670047   73.7845
56   -0.00898099   73.8051
57   -0.0065163   73.7829
58   -0.0171455   73.8781
59   -0.00496142   73.7689
60   -0.0124121   73.8358
61   -0.0143764   73.8534
62   -0.0134309   73.8449
63   -0.0181795   73.8874
64   -0.014272   73.8525
65   -0.00821752   73.7982
66   -0.0113988   73.8267
67   -0.0169081   73.876
68   -0.0139899   73.85
69   -0.0131821   73.8427
70   -0.0187484   73.8924
71   -0.0193058   73.8974
72   -0.00828934   73.7988
73   -0.011791   73.8303
74   -0.0170534   73.8773
75   -0.00769544   73.7935
76   -0.0184381   73.8897
77   -0.00506601   73.7698
78   -0.00860497   73.8017
79   -0.0178765   73.8847
80   -0.00911863   73.8063
81   -0.0159856   73.8678
82   -0.0202982   73.9062
83   -0.0127006   73.8384
84   -0.00553844   73.7741
85   -0.0116351   73.8289
86   -0.0131331   73.8423
87   -0.00917241   73.8068
88   -0.0200083   73.9037
89   -0.0166587   73.8738
90   -0.0130139   73.8412
91   -0.00979154   73.8123
92   -0.0149116   73.8582
93   -0.0095871   73.8105
94   -0.0102308   73.8163
95   -0.021764   73.9193
96   -0.00736889   73.7906
97   -0.0140238   73.8503
98   -0.0179968   73.8857
99   -0.00821061   73.7981
