 tt    | -40     | 1    | 0.5     | 62.6192   | 1351.94   | 12.2121     | 62.9515    | 10.2691
 tt    | -40     | 1.08    | 0.54     | 63.8486   | 1557.5   | 14.4871     | 63.9127    | 8.32907
 tt    | -40     | 1.20    | 0.6     | 64.966   | 1771.32   | 15.8928     | 64.6392    | 7.44426
 tt    | -40     | 1.32    | 0.66     | 65.7078   | 1929.27   | 16.425     | 66.4924    | 7.24648
 tt    | -40     | 1.45    | 0.725     | 66.426   | 2095.56   | 16.8025     | 68.2131    | 7.10489
 tt    | -40     | 1.5    | 0.75     | 66.6878   | 2159.69   | 16.9245     | 68.7754    | 7.05208
 tt    | 27     | 1    | 0.5     | 60.78   | 1093.95   | 11.0345     | 63.5258    | 9.64878
 tt    | 27     | 1.08    | 0.54     | 61.9121   | 1246.26   | 12.3031     | 62.8642    | 8.6391
 tt    | 27     | 1.20    | 0.6     | 62.966   | 1407.03   | 13.0963     | 63.4863    | 8.19872
 tt    | 27     | 1.32    | 0.66     | 63.7564   | 1541.06   | 13.4528     | 64.827    | 8.1907
 tt    | 27     | 1.45    | 0.725     | 64.5258   | 1683.79   | 13.7407     | 66.0975    | 8.22238
 tt    | 27     | 1.5    | 0.75     | 64.8057   | 1738.94   | 13.8409     | 66.5202    | 8.24156
 tt    | 125     | 1    | 0.5     | 56.8599   | 696.616   | 9.52685     | 63.142    | 8.60505
 tt    | 125     | 1.08    | 0.54     | 57.9143   | 786.528   | 10.0401     | 62.7346    | 8.21637
 tt    | 125     | 1.20    | 0.6     | 59.0946   | 901.014   | 10.4201     | 63.3601    | 8.13159
 tt    | 125     | 1.32    | 0.66     | 60.073   | 1008.44   | 10.6554     | 64.2069    | 8.20471
 tt    | 125     | 1.45    | 0.725     | 61.0089   | 1123.17   | 10.8613     | 65.0268    | 8.31669
 tt    | 125     | 1.5    | 0.75     | 61.3431   | 1167.23   | 10.9358     | 65.3025    | 8.35519
 ss    | -40     | 1    | 0.5     | 60.859   | 1103.95   | 7.846     | 59.1185    | 15.2148
 ss    | -40     | 1.08    | 0.54     | 63.4327   | 1484.68   | 11.9313     | 60.6114    | 10.8053
 ss    | -40     | 1.20    | 0.6     | 65.2978   | 1840.3   | 15.8032     | 62.7921    | 7.49024
 ss    | -40     | 1.32    | 0.66     | 66.3315   | 2072.87   | 17.319     | 63.2738    | 6.74571
 ss    | -40     | 1.45    | 0.725     | 67.0847   | 2260.65   | 17.8721     | 65.5641    | 6.59264
 ss    | -40     | 1.5    | 0.75     | 67.3514   | 2331.15   | 18.0153     | 66.3769    | 6.54786
 ss    | 27     | 1    | 0.5     | 59.7897   | 976.08   | 8.50876     | 61.7935    | 12.1174
 ss    | 27     | 1.08    | 0.54     | 61.6049   | 1202.95   | 11.0273     | 61.966    | 9.70904
 ss    | 27     | 1.20    | 0.6     | 63.2967   | 1461.62   | 13.1306     | 61.4976    | 7.96888
 ss    | 27     | 1.32    | 0.66     | 64.2815   | 1637.11   | 13.9387     | 62.1293    | 7.58472
 ss    | 27     | 1.45    | 0.725     | 65.089   | 1796.59   | 14.32     | 63.7275    | 7.61575
 ss    | 27     | 1.5    | 0.75     | 65.3762   | 1857   | 14.429     | 64.3054    | 7.65171
 ss    | 125     | 1    | 0.5     | 57.4521   | 745.768   | 8.61725     | 63.5146    | 9.27345
 ss    | 125     | 1.08    | 0.54     | 58.8648   | 877.482   | 9.76783     | 61.949    | 8.22368
 ss    | 125     | 1.20    | 0.6     | 60.224   | 1026.13   | 10.5756     | 61.3552    | 7.6265
 ss    | 125     | 1.32    | 0.66     | 61.1789   | 1145.37   | 10.9311     | 62.0857    | 7.57697
 ss    | 125     | 1.45    | 0.725     | 62.0595   | 1267.58   | 11.1804     | 63.0713    | 7.69685
 ss    | 125     | 1.5    | 0.75     | 62.3747   | 1314.43   | 11.2596     | 63.4301    | 7.7377
 ff    | -40     | 1    | 0.5     | 62.8495   | 1388.28   | 14.069     | 64.8104    | 8.53519
 ff    | -40     | 1.08    | 0.54     | 63.5334   | 1502   | 14.7508     | 65.5941    | 8.09266
 ff    | -40     | 1.20    | 0.6     | 64.3127   | 1643   | 15.2741     | 67.2796    | 7.85316
 ff    | -40     | 1.32    | 0.66     | 65.0084   | 1780   | 15.6369     | 68.6998    | 7.67795
 ff    | -40     | 1.45    | 0.725     | 65.7054   | 1928.72   | 15.9661     | 69.9199    | 7.52262
 ff    | -40     | 1.5    | 0.75     | 65.9603   | 1986.17   | 16.0853     | 70.3193    | 7.45636
 ff    | 27     | 1    | 0.5     | 60.8272   | 1099.91   | 11.9073     | 64.0712    | 8.97273
 ff    | 27     | 1.08    | 0.54     | 61.508   | 1189.6   | 12.3326     | 64.6401    | 8.7677
 ff    | 27     | 1.20    | 0.6     | 62.3418   | 1309.45   | 12.6936     | 65.8618    | 8.73593
 ff    | 27     | 1.32    | 0.66     | 63.0888   | 1427.06   | 12.9758     | 66.9197    | 8.74261
 ff    | 27     | 1.45    | 0.725     | 63.8349   | 1555.05   | 13.2287     | 67.8696    | 8.73637
 ff    | 27     | 1.5    | 0.75     | 64.1071   | 1604.55   | 13.3157     | 68.1887    | 8.74479
 ff    | 125     | 1    | 0.5     | 54.312   | 519.515   | 9.60166     | 64.1397    | 8.81393
 ff    | 125     | 1.08    | 0.54     | 55.3505   | 585.496   | 9.8481     | 64.5447    | 8.76537
 ff    | 125     | 1.20    | 0.6     | 56.6922   | 683.296   | 10.1124     | 65.2911    | 8.78467
 ff    | 125     | 1.32    | 0.66     | 57.8563   | 781.298   | 10.3312     | 65.9603    | 8.86018
 ff    | 125     | 1.45    | 0.725     | 58.9655   | 887.716   | 10.5295     | 66.5963    | 8.92859
 ff    | 125     | 1.5    | 0.75     | 59.3572   | 928.664   | 10.5978     | 66.8177    | 8.9628
 sf    | -40     | 1    | 0.5     | 62.9844   | 1410   | 13.9558     | 61.6997    | 8.44736
 sf    | -40     | 1.08    | 0.54     | 64.0882   | 1601.06   | 15.7748     | 61.5006    | 7.20136
 sf    | -40     | 1.20    | 0.6     | 65.0184   | 1782.05   | 16.82     | 63.1374    | 6.74302
 sf    | -40     | 1.32    | 0.66     | 65.7354   | 1935.39   | 17.2518     | 65.3486    | 6.63669
 sf    | -40     | 1.45    | 0.725     | 66.443   | 2099.66   | 17.6048     | 67.2603    | 6.54252
 sf    | -40     | 1.5    | 0.75     | 66.7014   | 2163.07   | 17.719     | 67.8827    | 6.50333
 sf    | 27     | 1    | 0.5     | 61.0546   | 1129.1   | 12.1416     | 61.394    | 8.37922
 sf    | 27     | 1.08    | 0.54     | 62.0113   | 1260.56   | 13.0936     | 60.9962    | 7.72998
 sf    | 27     | 1.20    | 0.6     | 62.9486   | 1404.2   | 13.6883     | 62.2643    | 7.55873
 sf    | 27     | 1.32    | 0.66     | 63.7191   | 1534.46   | 14.0201     | 63.7716    | 7.61019
 sf    | 27     | 1.45    | 0.725     | 64.4796   | 1674.86   | 14.2889     | 65.1595    | 7.6867
 sf    | 27     | 1.5    | 0.75     | 64.7567   | 1729.15   | 14.3787     | 65.6233    | 7.70521
 sf    | 125     | 1    | 0.5     | 57.1789   | 722.677   | 10.0882     | 61.3912    | 7.80658
 sf    | 125     | 1.08    | 0.54     | 58.0581   | 799.662   | 10.4778     | 61.4893    | 7.62561
 sf    | 125     | 1.20    | 0.6     | 59.1076   | 902.363   | 10.7882     | 62.3923    | 7.6341
 sf    | 125     | 1.32    | 0.66     | 60.0127   | 1001.46   | 11.0217     | 63.2871    | 7.7507
 sf    | 125     | 1.45    | 0.725     | 60.8953   | 1108.57   | 11.2268     | 64.1468    | 7.86439
 sf    | 125     | 1.5    | 0.75     | 61.2134   | 1149.92   | 11.2968     | 64.445    | 7.91268
 fs    | -40     | 1    | 0.5     | 62.2778   | 1299.84   | 10.4606     | 64.0837    | 12.1021
 fs    | -40     | 1.08    | 0.54     | 63.6584   | 1523.78   | 13.2435     | 65.2411    | 9.65972
 fs    | -40     | 1.20    | 0.6     | 64.9502   | 1768.11   | 15.0948     | 65.9336    | 8.17766
 fs    | -40     | 1.32    | 0.66     | 65.7334   | 1934.95   | 15.7055     | 67.4699    | 7.85568
 fs    | -40     | 1.45    | 0.725     | 66.4636   | 2104.65   | 16.1257     | 69.0249    | 7.65942
 fs    | -40     | 1.5    | 0.75     | 66.7289   | 2169.92   | 16.2651     | 69.5378    | 7.59644
 fs    | 27     | 1    | 0.5     | 60.539   | 1064.02   | 9.86566     | 64.9894    | 10.9424
 fs    | 27     | 1.08    | 0.54     | 61.7929   | 1229.26   | 11.4972     | 64.5528    | 9.65028
 fs    | 27     | 1.20    | 0.6     | 63.0086   | 1413.94   | 12.5229     | 64.6561    | 8.85001
 fs    | 27     | 1.32    | 0.66     | 63.8307   | 1554.3   | 12.9475     | 65.7632    | 8.75656
 fs    | 27     | 1.45    | 0.725     | 64.6106   | 1700.31   | 13.252     | 66.937    | 8.76147
 fs    | 27     | 1.5    | 0.75     | 64.8935   | 1756.6   | 13.3517     | 67.3357    | 8.76226
 fs    | 125     | 1    | 0.5     | 55.9286   | 625.794   | 8.89183     | 64.9416    | 9.46455
 fs    | 125     | 1.08    | 0.54     | 57.261   | 729.541   | 9.58667     | 63.9748    | 8.88341
 fs    | 125     | 1.20    | 0.6     | 58.6825   | 859.256   | 10.0346     | 64.3149    | 8.65205
 fs    | 125     | 1.32    | 0.66     | 59.8114   | 978.526   | 10.3008     | 65.0467    | 8.67066
 fs    | 125     | 1.45    | 0.725     | 60.8638   | 1104.56   | 10.5179     | 65.814    | 8.77182
 fs    | 125     | 1.5    | 0.75     | 61.234   | 1152.65   | 10.5909     | 66.0829    | 8.80005
