==================================================================================================================================================
 Tap   Code   Target(dB)   Meas(dB)   Err(dB)    Err(Step)   Acc_FS(%)    -3dB BW(Hz)    Vos_out(mV)   V_vg_err(mV)   P_dc(uW) 
==================================================================================================================================================
 S0  |  0  |  0  |  0.390832  |  0.390832  |  0.104222  |  99.3052  |  8.11716E+06  |  0.0126278  |  0.0123359  |  88.6032
 S1  |  1  |  3.75  |  3.91308  |  0.163078  |  0.0434875  |  99.7101  |  5.41791E+06  |  0.0127671  |  0.0123355  |  88.6032
 S2  |  2  |  7.5  |  7.49854  |  -0.001459  |  -0.000389067  |  99.9974  |  3.93159E+06  |  0.0129853  |  0.0123355  |  88.6032
 S3  |  3  |  11.25  |  11.1631  |  -0.08691  |  -0.023176  |  99.8455  |  2.83808E+06  |  0.0133267  |  0.0123349  |  88.6032
 S4  |  4  |  15  |  14.8299  |  -0.17009  |  -0.0453573  |  99.6976  |  2.01124E+06  |  0.0138606  |  0.0123351  |  88.6032
 S5  |  5  |  18.75  |  18.8337  |  0.0837  |  0.02232  |  99.8512  |  1.34978E+06  |  0.0146868  |  0.0123345  |  88.6032
 S6  |  6  |  22.5  |  22.6324  |  0.13245  |  0.03532  |  99.7645  |  907265  |  0.0159467  |  0.012334  |  88.6032
 S7  |  7  |  26.25  |  26.4505  |  0.20055  |  0.05348  |  99.6435  |  600530  |  0.0178801  |  0.0123328  |  88.6032
 S8  |  8  |  30  |  29.9258  |  -0.07424  |  -0.0197973  |  99.868  |  408999  |  0.0206548  |  0.0123306  |  88.6032
 S9  |  9  |  33.75  |  33.8067  |  0.05666  |  0.0151093  |  99.8993  |  264851  |  0.0251858  |  0.0123278  |  88.6033
 S10  |  10  |  37.5  |  37.7994  |  0.29936  |  0.0798293  |  99.4678  |  168638  |  0.0325564  |  0.0123229  |  88.6033
 S11  |  11  |  41.25  |  40.9275  |  -0.32249  |  -0.0859973  |  99.4267  |  118085  |  0.0413621  |  0.0123169  |  88.6034
 S12  |  12  |  45  |  44.8694  |  -0.13064  |  -0.0348373  |  99.7678  |  75244  |  0.0581274  |  0.0123052  |  88.6035
 S13  |  13  |  48.75  |  48.7159  |  -0.03405  |  -0.00908  |  99.9395  |  48426.4  |  0.0838104  |  0.0122875  |  88.6036
 S14  |  14  |  52.5  |  52.311  |  -0.18896  |  -0.0503893  |  99.6641  |  32069.7  |  0.120678  |  0.0122622  |  88.6038
 S15  |  15  |  56.25  |  55.6707  |  -0.57926  |  -0.154469  |  98.9702  |  21825.6  |  0.172039  |  0.0122267  |  88.6041
